78504
88101
75961
40071
79103
40422
14208
79404
77642
79706
77705
70663
77713
77803
75949
70656
78626
78957
27504
35759
11703
77864
70433
75939
75964
94553
75972
71913
74848
78559
75935
75426
71446
77612
79705
70447
40324
75944
71360
70788
78947
74107
78521
77521
77632
76248
79311
70512
39211
70508
75937
17112
78250
78045
55309
77904
78620
76513
77474
77566
75951
38104
76022
75903
78704
78721
78041
74011
78521
79936
75755
76537
30047
79922
75904
75602
44721
70506
76140
71329
78628
71291
75831
89119
71461
70607
71360
75048
76104
73010
71770
75975
70538
78251
36695
75652
70607
78664
77845
77363
77437
77642
70560
70663
85614
32810
78681
98682
30012
27320
78521
75904
75935
79380
78253
70094
78041
78737
85364
77901
79415
78570
78738
87114
78415
77833
78642
78738
76550
43110
78596
70806
78522
78259
71457
78596
72764
75904
27504
78575
77302
78744
77339
78520
18431
78022
50226
28092
70607
75057
71303
70589
78374
79925
77705
70607
78737
78503
55112
64082
78557
77531
75980
38834
78501
78148
2638
70506
78645
77833
70056
70435
78045
87048
70570
78592
75980
75704
77713
33469
78610
78648
71970
79935
77706
78064
70775
78654
76028
78577
77642
71860
77808
70663
39042
70647
77024
38671
78574
79936
99654
78721
71417
77535
71328
78541
70601
70589
79935
78154
77551
77625
77531
78539
70607
78368
75007
75972
76550
77627
75901
71496
80002
76244
75980
78233
68116
11111
79521
78155
78550
78648
71047
78216
70607
78209
78521
78256
77705
77659
71111
79414
78261
71446
77611
71225
78744
39501
78628
78745
75237
78521
78260
78250
88345
78577
70433
76504
78617
75763
27705
78247
72179
77670
77803
70517
75845
79912
75949
75702
77320
70364
79907
31907
77707
78613
77568
93103
70065
75061
38134
78133
70811
71307
70819
76248
70449
77360
70546
78258
78520
70663
39206
78669
77465
39663
75935
75023
78654
77642
78582
78412
77703
78757
77951
75961
79789
78641
79932
38925
79416
88220
78724
79416
78516
88203
78040
79415
78413
75964
75966
71295
79720
77845
77358
79703
70345
78009
78539
72209
78521
71063
70819
70526
78734
78596
79927
75154
78596
78613
71457
75964
70665
78526
78504
78380
54020
78404
78641
78230
79118
77640
70560
77054
77713
77619
79853
77703
70506
78660
87102
77339
77433
78717
70507
72501
23117
77357
88240
48021
78523
87114
78375
87501
78416
70605
76012
77327
70764
77833
70535
99687
77642
78102
88130
79379
72065
78520
11743
70898
75402
28358
51103
78934
39046
78573
70611
87579
78516
78664
70656
77355
77447
75941
77642
38016
79938
39073
32566
28205
78741
78621
78573
969
78840
77611
85021
37813
78155
53149
77612
71302
77566
78390
40965
77035
78427
76384
76901
78046
73034
75701
72023
77414
78390
88240
88030
77656
23523
33903
79915
77656
68979
76825
70580
76034
78255
78664
77358
78046
79118
78412
39532
77845
77566
70611
77801
78552
70554
70506
78416
70448
76522
70535
78251
78355
78404
78559
39661
77954
77615
78133
78629
78404
70360
36572
72404
78934
77437
70601
75454
75951
67864
75939
70570
71351
70047
76360
78723
28739
88201
75931
77316
77957
75975
77379
76548
76524
78758
75835
79853
78043
87123
75972
75240
78112
77356
75693
75966
78573
77905
75503
70072
77515
75951
77662
32534
72120
70344
29651
76935
77351
75024
36027
77611
70655
75904
71429
75702
70503
77640
77418
79549
78582
77845
78759
70805
38501
86323
70094
70615
78415
70601
77837
77474
71016
76017
36016
78520
78758
76208
77904
78521
71446
78504
78062
78418
71371
27616
78028
74533
30040
75088
78332
81082
35967
70053
79109
79936
77320
78666
77726
75951
70668
79932
78413
78550
78582
70435
70001
70607
77328
77662
77705
79065
75972
75228
75972
78411
75708
70663
77979
71403
78416
75904
70656
75961
70508
70127
75948
70607
77515
75929
75946
70631
79936
79108
79043
79912
71961
75965
75972
35079
57103
78577
79401
70601
77845
79905
70762
78620
79065
77627
72165
58554
75966
77701
79235
70634
78382
79605
67846
78416
75007
77630
75444
78750
70601
64052
77338
70435
14609
77359
74132
77364
77632
77304
75608
38754
78664
77705
70508
77488
77979
77340
77657
78503
75181
71446
74547
77979
78572
33611
70726
70645
39563
77575
78616
78550
78521
77707
78586
97801
75956
70529
70634
75901
78076
78520
79927
72120
75935
32615
71446
75964
75904
71429
70656
75951
68106
77901
77642
78028
75670
76018
76437
78521
78501
78046
73533
64153
76511
77414
19046
77084
77511
78572
74055
77808
99687
78574
78504
36016
70121
70634
77494
70607
78224
27959
78852
75904
78660
78837
78648
77069
79313
78251
78415
78501
81504
75965
78516
78577
78573
75964
71105
70605
75686
85298
79936
75801
71263
78249
39564
70611
78102
78754
70122
78133
75654
32541
54720
78521
75757
78586
79905
77360
74115
56073
78577
78521
46806
75941
75930
75949
37380
77084
77449
78641
77707
77701
78727
75951
71834
27704
78414
70607
28210
77044
77013
77845
71463
78389
23803
78254
78380
75972
39657
78418
75426
78557
78576
77657
78724
77511
76020
76010
70653
78526
78374
78539
98404
75605
75760
79936
70570
75961
73084
75965
77389
76539
77651
79938
70507
78749
78552
78520
78617
70526
78629
79490
78541
78584
75116
77035
78028
77084
63088
32459
61008
70433
78683
77494
87567
79904
78006
39190
70518
75964
75949
78539
70648
78521
39652
37618
78133
70503
76087
75926
77803
78537
78520
77541
79927
77627
75757
74701
78589
75672
72908
75706
78664
79915
39532
80223
77703
75904
78664
82001
78611
38901
78599